742
583
927
234
876
401
678
512
345
998
210
789
654
321
876
543
234
765
890
432
678
321
987
654
210
876
543
234
765
890
432
678
321
987
654
210
876
543
234
765
890
432
678
321
987
654
210
876
543
234
765
890
432
678
321
987
654
210
876
543
234
765
890
432
678
321
987
654
210
876
543
234
765
890
432
678
321
987
654
210
876
543
234
765
890
432
678
321
987
654
210
876
543
234
765
890
432
678
321
987
654
210
876
543
234
765
890
432
678
321
987
654
210
876
543
234
765
890
432
678
321
987
654
210
876
543
234
765
890
432
678
321
987
654
210
876
543
234
765
890
432
678
321
987
654
210
876
543
234
765
890
432
678
321
987
654
210
876
543
234
765
890
432
678
321
987
654
210
876
543
234
765
890
432
678
321
987
654
210
876
543
234
765
890
432
678
321
987
654
210
876
543
234
765
890
432
678
321
987
654
210
876
543
234
765
890
432
678
321
987
654
210
876
543
234
765
890
432
678
321
987
654
210
876
543
234
765
890
432
678
321
987
654
210
876
543
234
765
890
432
678
321
987
654
210
876
543
234
765
890
432
678
321
987
654
210
876
543
234
765
890
432
678
321
987
654
210
876
543
234
765
890
432
678
321
987
654
210
876
543
234
765
890
432
678
321
987
654
210
876
543
234
765
890
432
678
321
987
654
210
876
543
234
765
890
432
678
321
987
654
210
876
543
234
765
890
432
678
321
987
654
210
876
543
234
765
890
432
678
321
987
654
210
876
543
234
765
890
432
678
321
987
654
210
876
543
234
765
890
432
678
321
987
654
210
876
543
234
765
890
432
678
321
987
654
